           1  0.000000000000000E+000
           2   4.77188846008453     
           3   7.26516529777984     
           4   8.63791703810605     
           5   9.43228731589385     
           6   9.91427838172175     
           7   10.2202691331383     
           8   10.4231214229505     
           9   10.5632973619578     
          10   10.6640997506311     
          11   10.7394194982956     
          12   10.7978141965012     
          13   10.8447272907759     
          14   10.8837340278320     
          15   10.9172625289806     
          16   10.9470239467426     
          17   10.9742774889979     
          18   11.0000000000000     
          19   11.0250000000000     
          20   11.0500000000000     
          21   11.0750000000000     
          22   11.1000000000000     
          23   11.1250000000000     
          24   11.1500000000000     
          25   11.1750000000000     
          26   11.2000000000000     
          27   11.2250000000000     
          28   11.2500000000000     
          29   11.2750000000000     
          30   11.3000000000000     
          31   11.3250000000000     
          32   11.3500000000000     
          33   11.3750000000000     
          34   11.4000000000000     
          35   11.4250000000000     
          36   11.4500000000000     
          37   11.4750000000000     
          38   11.5000000000000     
          39   11.5250000000000     
          40   11.5500000000000     
          41   11.5750000000000     
          42   11.6000000000000     
          43   11.6250000000000     
          44   11.6500000000000     
          45   11.6750000000000     
          46   11.7000000000000     
          47   11.7250000000000     
          48   11.7500000000000     
          49   11.7750000000000     
          50   11.8000000000000     
          51   11.8250000000000     
          52   11.8500000000000     
          53   11.8750000000000     
          54   11.9000000000000     
          55   11.9250000000000     
          56   11.9500000000000     
          57   11.9750000000000     
          58   12.0000000000000     
          59   12.0250000000000     
          60   12.0500000000000     
          61   12.0750000000000     
          62   12.1000000000000     
          63   12.1250000000000     
          64   12.1500000000000     
          65   12.1750000000000     
          66   12.2000000000000     
          67   12.2250000000000     
          68   12.2500000000000     
          69   12.2750000000000     
          70   12.3000000000000     
          71   12.3250000000000     
          72   12.3500000000000     
          73   12.3750000000000     
          74   12.4000000000000     
          75   12.4250000000000     
          76   12.4500000000000     
          77   12.4750000000000     
          78   12.5000000000000     
          79   12.5250000000000     
          80   12.5500000000000     
          81   12.5750000000000     
          82   12.6000000000000     
          83   12.6250000000000     
          84   12.6500000000000     
          85   12.6750000000000     
          86   12.7000000000000     
          87   12.7250000000000     
          88   12.7500000000000     
          89   12.7750000000000     
          90   12.8000000000000     
          91   12.8250000000000     
          92   12.8500000000000     
          93   12.8750000000000     
          94   12.9000000000000     
          95   12.9250000000000     
          96   12.9500000000000     
          97   12.9750000000000     
          98   13.0000000000000     
          99   13.0250000000000     
         100   13.0500000000000     
         101   13.0750000000000     
         102   13.1000000000000     
         103   13.1250000000000     
         104   13.1500000000000     
         105   13.1750000000000     
         106   13.2000000000000     
         107   13.2250000000000     
         108   13.2500000000000     
         109   13.2750000000000     
         110   13.3000000000000     
         111   13.3250000000000     
         112   13.3500000000000     
         113   13.3750000000000     
         114   13.4000000000000     
         115   13.4250000000000     
         116   13.4500000000000     
         117   13.4750000000000     
         118   13.5000000000000     
         119   13.5250000000000     
         120   13.5500000000000     
         121   13.5750000000000     
         122   13.6000000000000     
         123   13.6250000000000     
         124   13.6500000000000     
         125   13.6750000000000     
         126   13.7000000000000     
         127   13.7250000000000     
         128   13.7500000000000     
         129   13.7750000000000     
         130   13.8000000000000     
         131   13.8250000000000     
         132   13.8500000000000     
         133   13.8750000000000     
         134   13.9000000000000     
         135   13.9250000000000     
         136   13.9500000000000     
         137   13.9750000000000     
         138   14.0000000000000     
         139   14.0250000000000     
         140   14.0500000000000     
         141   14.0750000000000     
         142   14.1000000000000     
         143   14.1250000000000     
         144   14.1500000000000     
         145   14.1750000000000     
         146   14.2000000000000     
         147   14.2250000000000     
         148   14.2500000000000     
         149   14.2750000000000     
         150   14.3000000000000     
         151   14.3250000000000     
         152   14.3500000000000     
         153   14.3750000000000     
         154   14.4000000000000     
         155   14.4250000000000     
         156   14.4500000000000     
         157   14.4750000000000     
         158   14.5000000000000     
         159   14.5250000000001     
         160   14.5500000000001     
         161   14.5750000000001     
         162   14.6000000000001     
         163   14.6250000000001     
         164   14.6500000000001     
         165   14.6750000000001     
         166   14.7000000000001     
         167   14.7250000000001     
         168   14.7500000000001     
         169   14.7750000000001     
         170   14.8000000000001     
         171   14.8250000000001     
         172   14.8500000000001     
         173   14.8750000000001     
         174   14.9000000000001     
         175   14.9250000000001     
         176   14.9500000000001     
         177   14.9750000000001     
         178   15.0000000000001     
         179   15.0250000000001     
         180   15.0500000000001     
         181   15.0750000000001     
         182   15.1000000000001     
         183   15.1250000000001     
         184   15.1500000000001     
         185   15.1750000000001     
         186   15.2000000000001     
         187   15.2250000000001     
         188   15.2500000000001     
         189   15.2750000000001     
         190   15.3000000000001     
         191   15.3250000000001     
         192   15.3500000000001     
         193   15.3750000000001     
         194   15.4000000000001     
         195   15.4250000000001     
         196   15.4500000000001     
         197   15.4750000000001     
         198   15.5000000000001     
         199   15.5250000000001     
         200   15.5500000000001     
         201   15.5750000000001     
         202   15.6000000000001     
         203   15.6250000000001     
         204   15.6500000000001     
         205   15.6750000000001     
         206   15.7000000000001     
         207   15.7250000000001     
         208   15.7500000000001     
         209   15.7750000000001     
         210   15.8000000000001     
         211   15.8250000000001     
         212   15.8500000000001     
         213   15.8750000000001     
         214   15.9000000000001     
         215   15.9250000000001     
         216   15.9500000000001     
         217   15.9750000000001     
         218   16.0000000000001     
         219   16.0250000000001     
         220   16.0500000000001     
         221   16.0750000000001     
         222   16.1000000000001     
         223   16.1250000000001     
         224   16.1500000000001     
         225   16.1750000000001     
         226   16.2000000000001     
         227   16.2250000000001     
         228   16.2500000000001     
         229   16.2750000000001     
         230   16.3000000000001     
         231   16.3250000000001     
         232   16.3500000000001     
         233   16.3750000000000     
         234   16.4000000000000     
         235   16.4250000000000     
         236   16.4500000000000     
         237   16.4750000000000     
         238   16.5000000000000     
         239   16.5250000000000     
         240   16.5500000000000     
         241   16.5750000000000     
         242   16.6000000000000     
         243   16.6250000000000     
         244   16.6500000000000     
         245   16.6750000000000     
         246   16.7000000000000     
         247   16.7250000000000     
         248   16.7500000000000     
         249   16.7750000000000     
         250   16.8000000000000     
         251   16.8250000000000     
         252   16.8500000000000     
         253   16.8750000000000     
         254   16.9000000000000     
         255   16.9250000000000     
         256   16.9500000000000     
         257   16.9750000000000     
         258   17.0000000000000     
         259   17.0250000000000     
         260   17.0500000000000     
         261   17.0750000000000     
         262   17.1000000000000     
         263   17.1250000000000     
         264   17.1500000000000     
         265   17.1750000000000     
         266   17.2000000000000     
         267   17.2250000000000     
         268   17.2500000000000     
         269   17.2750000000000     
         270   17.3000000000000     
         271   17.3250000000000     
         272   17.3500000000000     
         273   17.3750000000000     
         274   17.4000000000000     
         275   17.4250000000000     
         276   17.4500000000000     
         277   17.4750000000000     
         278   17.5000000000000     
         279   17.5250000000000     
         280   17.5500000000000     
         281   17.5750000000000     
         282   17.6000000000000     
         283   17.6250000000000     
         284   17.6500000000000     
         285   17.6750000000000     
         286   17.7000000000000     
         287   17.7250000000000     
         288   17.7500000000000     
         289   17.7750000000000     
         290   17.8000000000000     
         291   17.8250000000000     
         292   17.8500000000000     
         293   17.8750000000000     
         294   17.9000000000000     
         295   17.9250000000000     
         296   17.9500000000000     
         297   17.9750000000000     
         298   18.0000000000000     
         299   18.0250000000000     
         300   18.0500000000000     
         301   18.0750000000000     
         302   18.1000000000000     
         303   18.1250000000000     
         304   18.1499999999999     
         305   18.1749999999999     
         306   18.1999999999999     
         307   18.2249999999999     
         308   18.2499999999999     
         309   18.2749999999999     
         310   18.2999999999999     
         311   18.3249999999999     
         312   18.3499999999999     
         313   18.3749999999999     
         314   18.3999999999999     
         315   18.4249999999999     
         316   18.4499999999999     
         317   18.4749999999999     
         318   18.4999999999999     
         319   18.5249999999999     
         320   18.5499999999999     
         321   18.5749999999999     
         322   18.5999999999999     
         323   18.6249999999999     
         324   18.6499999999999     
         325   18.6749999999999     
         326   18.6999999999999     
         327   18.7249999999999     
         328   18.7499999999999     
         329   18.7749999999999     
         330   18.7999999999999     
         331   18.8249999999999     
         332   18.8499999999999     
         333   18.8749999999999     
         334   18.8999999999999     
         335   18.9249999999999     
         336   18.9499999999999     
         337   18.9749999999999     
         338   18.9999999999999     
         339   19.0263627402642     
         340   19.0555995259394     
         341   19.0896173690192     
         342   19.1310524096143     
         343   19.1837804898439     
         344   19.2537536927908     
         345   19.3504263800398     
         346   19.4892557915684     
         347   19.6961930375233     
         348   20.0159309703779     
         349   20.5273855954899     
         350   21.3733905298872     
         351   22.8188956579998     
         352   25.3675156887115     
         353   30.0000000000000     
